Abomyzation 26873 212 4 2 0.7489077446394946 64.63545330318523 9390 1 2760
Abyss 51531 15 3 3 0.7765038073648942 7.550476126202033 6073 2 2572
Accursed 5716 222 2 0 0.5033147015280135 34.31606166020981 8693 1 5469
Acolyte 58455 492 3 2 0.24572671776852695 6.733261397882697 7661 4 1673
Adora 31831 112 2 5 0.507177898190734 74.41699311295292 3078 7 5004
Aeon 98198 282 4 9 0.05283014674312958 116.10818176576926 5771 2 2430
Agez 24388 77 9 5 0.592063714752598 10.263960239256665 1827 4 4164
Agmand 22948 369 9 2 0.1565772678025329 7.561676878625456 1048 9 5948
Akino 41028 399 2 6 0.03436806075246279 1.7839390852363968 1594 0 8235
Algammon 15433 108 9 3 0.6561982400222707 25.822039073405932 5663 6 3542
Algamoon 51493 573 0 7 0.6909747337181267 11.533420724476194 3315 3 244
Alligator 72891 104 7 1 0.8912134903464772 24.43022005182928 6886 4 7563
Ameba 42464 575 7 5 0.3800694854904071 14.695507883930272 3966 5 938
Amphibian 68215 596 6 3 0.225605312333093 47.71858284038295 1702 2 2491
Anara 60540 287 8 5 0.0654286256311003 41.56768178814387 8225 6 1836
Ancient 47511 553 3 4 0.7545076233418229 5.229320268634976 7495 4 6214
Antonidas 68383 406 4 2 0.7493990122699552 40.762674889244344 9446 9 7647
Ansatsu 41177 577 4 1 0.615555826289921 67.74283238372422 3727 1 5407
Anubisis 29082 68 8 8 0.31404870889738834 8.60366689480946 8887 6 5520
Araj 82376 272 0 1 0.23957016908979378 33.39461349063831 5867 6 2859
Aramachus 77965 135 7 9 0.22413489791145225 69.0040740198519 4335 9 6771
Aran 21999 575 4 5 0.8154350708031394 64.91705466516983 6757 6 2014
Arashicage 23065 309 4 2 0.8877728264869644 87.34872851223885 9141 2 5881
Arcanister 46942 296 7 3 0.6916116179211138 13.404622676353014 6814 4 4998
Archlock 95426 1 6 5 0.19478354297197187 47.279450317996485 5541 9 8419
Ariels 81533 162 3 5 0.0020317491808926613 10.596730217679795 4300 8 3771
Arius 60344 598 1 9 0.9680643853012585 13.451060490965986 9853 7 5819
Arkinos 27266 243 2 1 0.7381474460435736 112.80717517385668 548 4 285
Armaill 88776 537 1 9 0.6850040454426456 35.755977739509156 4761 6 168
Asazin 59659 418 1 6 0.9332482538244291 39.48171517143062 3953 2 4678
Assailant 64433 426 5 2 0.28461606012947827 27.583903879549826 6156 1 5939
Aurrius 3158 189 8 0 0.8620413925323334 83.99110838219518 6355 4 1361
Avenger 83146 76 8 6 0.36798163206538703 5.629802415003242 9771 9 171
Azgalor 84686 555 6 0 0.8607631203454591 21.59521851712025 7945 9 842
Bagworm 54810 553 8 4 0.8366872891147203 41.705748910944045 9611 2 5467
Barrak 76935 443 6 0 0.8542342650780022 69.34952251354171 2804 2 1266
Banshee 89426 122 6 3 0.4737550810112727 44.94242047086676 4684 2 6328
Ballador 76127 362 3 5 0.14038742582521735 16.747953416505506 8922 2 2687
Balnazzar 83468 476 3 9 0.14725682287422925 119.5509991625527 9051 3 4139
Bandalar 72007 73 1 3 0.7746066944770714 107.66047739948736 8 2 471
Bandis 93903 225 4 0 0.967167344831887 109.69871149653038 9290 6 7359
Banehallow 5743 187 1 5 0.7510829966880981 79.0594531391716 4268 6 1879
Banisher 18914 362 7 9 0.6254603635137513 66.64773758510627 2234 8 4249
Baron 33679 99 9 2 0.4722756056357741 107.44077954025842 8815 4 3643
Barrier 97636 439 9 1 0.3380227247957813 78.61053272274638 8570 6 6550
Bazoo 19980 478 3 9 0.9970869796147881 58.913300316827986 533 6 3427
Beakill 98439 292 1 3 0.8403218752318351 52.15139867971811 6616 1 4654
Beazel 31797 521 9 4 0.6707264133176164 94.7081353251343 1531 0 6587
Beetle 15516 520 3 1 0.08819771972231305 93.65712653678615 7364 7 1675
Berfomet 58286 152 0 1 0.7623141123324532 103.27762013592556 3157 6 2230
Bewitchment 17247 255 4 8 0.017577327671282172 95.52535485813512 1533 5 3925
Biomage 85358 140 7 0 0.10853395313064795 118.01668722585443 8766 9 1497
Bigeye 44268 433 7 1 0.5248670427999995 36.270598925313415 1765 6 5180
Blademaster 36251 80 1 6 0.8121841798358198 2.626962853732695 5572 9 2375
Blastsphere 98907 212 7 3 0.8614274680317314 25.591608939678814 5925 0 8045
Bleakstare 2641 118 4 6 0.24302677006697404 62.81057826493551 7334 1 1601
Bloodbane 86085 92 8 4 0.7746702702483476 60.322077237865734 8345 1 7057
Bloodhoof 108 545 3 2 0.7952488775081711 93.75632496897325 6029 7 6900
Bloodhorn 95576 584 5 0 0.8743460146451367 77.71699173502911 5306 8 9084
Bloodwrath 57164 563 6 3 0.5721011612392461 110.06994401010373 4759 1 4605
Bloz 70161 309 0 0 0.020558558382251846 98.20122466646627 4517 2 9030
Bludstone 99882 322 5 3 0.7854693724055893 102.58276754011081 1 6 5426
Blueyes 98613 82 1 0 0.7006087708279898 76.89239539416864 9158 4 5122
Bogspirit 99496 562 8 5 0.7084930231848211 30.903362193112876 6885 9 7921
Boneheimer 48081 286 7 6 0.8312250045792615 55.149071354492044 8490 7 2672
Bor 72280 502 7 4 0.42572129068796305 59.58478975097458 878 7 7055
Breeze 406 200 3 1 0.6529977223721505 80.20484959461993 5137 4 8323
Bright 37900 119 4 5 0.9511664166757102 19.17051058464837 6370 2 7583
Broadaxe 50837 113 7 6 0.10243629441373181 89.62120144407434 5142 4 5873
Brood 71436 526 2 4 0.984081626535199 82.8342790525742 1863 1 6296
Brutality 36656 134 6 3 0.4971735908280759 21.69432181753756 9576 0 7558
Bugroth 6792 568 9 1 0.2400805006891955 48.39845092566366 1387 7 7002
Buzan 85186 507 3 7 0.5602473463138898 103.8256264943319 4845 5 1700
Burial 35677 328 9 8 0.9166777700341976 39.63057546860969 7407 2 361
Burin 54844 551 7 8 0.7644993607760213 115.82944551437959 4580 6 4217
Buster 81181 400 9 4 0.053446825426809674 37.18466886702182 5754 2 1235
Busterblade 15122 406 5 3 0.9879946471112027 58.696822712905615 5823 1 1121
Califax 31729 510 0 4 0.8443559157285281 27.55083713501302 3352 0 7167
Calis 99234 50 1 7 0.34163645940958753 12.828416252109221 762 1 4960
Cannon 87536 475 1 7 0.010691367465457624 98.95965686791865 3917 5 7286
Ceasefire 20440 219 5 6 0.33212814990819584 61.434558968004296 6940 2 6305
Centrius 74122 96 1 9 0.19515245362582623 59.28561632572875 1045 9 4605
Cerebrus 75538 504 2 2 0.8440238257160638 119.79363781429697 1097 6 3055
Ceredwyin 6919 302 0 5 0.6796869792376251 117.41154329016275 6712 8 1168
Chain 48679 588 1 7 0.6163556072619988 111.35340366398113 6991 5 4284
Chieftain 77014 364 8 3 0.1405283949227324 92.9332499620483 2087 9 3242
Chillwind 59221 519 7 8 0.3203898375675558 66.12073797358336 5717 0 644
Cho 64790 52 4 2 0.35342339156774083 108.05494099975981 6656 4 7867
Chorus 79169 308 5 6 0.14923718677801034 91.15591020199848 8495 2 1606
Choz 58272 592 5 9 0.8605538031615954 20.48128047883764 7125 5 6473
Coldreaver 40452 24 1 2 0.156735762764028 119.88490626440846 9587 8 7837
Coldskull 53512 13 8 1 0.35913356683998776 99.35586450543656 4645 6 1203
Collapse 98477 152 0 8 0.8472825204590452 95.85974689229164 8802 1 9308
Conger 81354 53 9 8 0.6117055895993532 12.00793266581718 4142 4 4366
Conjurus 55826 280 9 6 0.650768211883544 53.89955958098268 4910 5 836
Copycat 38408 300 7 1 0.7919969323299118 73.5043157631758 3410 7 6651
Corrupt 45245 188 5 6 0.6137661390951146 100.47614669966345 8891 0 4033
Corrupted 89390 99 0 8 0.5406682766771825 31.691239833387172 9020 8 9931
Crimson 42232 438 4 3 0.611548158986738 75.88464151713488 7873 0 480
Cross 56102 235 5 8 0.4258912024492818 7.3557041881757 6797 4 1608
Crossout 19210 507 3 1 0.612891492281932 0.1543001321258286 646 3 5402
Crypt 57835 170 2 8 0.688504374402824 114.01818182890005 3865 0 9387
Curtain 61623 460 2 8 0.5041614523795179 16.67396101708869 4905 7 4517
Cyberstein 24920 444 2 8 0.9452663768283536 8.242111057122576 8061 9 4317
Cybertech 64170 346 6 2 0.9595975890549613 92.87346131337598 6606 8 1900
Cylider 67157 410 5 5 0.16178762930072932 34.64085691451595 6521 4 1109
Cytedal 86959 520 2 8 0.10550669475371077 93.63321307772688 6974 0 1736
Dagda 51307 465 7 5 0.5650660203095292 107.2839440564326 4704 3 4722
Daisho 27680 369 7 7 0.8072168610097606 34.88177235582655 2203 6 7442
Dalar 75254 546 9 0 0.010768147313502952 90.13138090531464 8013 8 1416
Damned 9201 507 6 3 0.36483392655404046 73.45253621282077 1635 1 3645
Darkagician 33459 14 0 0 0.5597223145688209 14.5123335933219 2117 6 7846
Darkeye 71510 400 0 2 0.05835604808478412 62.947903902225285 9368 6 8546
Darkfire 50642 225 0 1 0.9493661067733095 14.441908137570959 3254 6 9095
Darkhallow 23015 399 8 3 0.1714575098143477 69.21952835269619 1545 8 9783
Darkhammer 33823 353 8 1 0.20760309605365523 95.5422301436979 3270 8 2979
Darkmoon 56158 45 3 8 0.9487870002639924 5.108953521154831 1991 3 7575
Darkness 11914 124 2 6 0.6777663078800189 47.18088906319372 4268 8 4643
Darkscythe 74699 219 3 1 0.022105241774862727 81.17101005557281 4954 0 5989
Darksorrow 15625 504 0 2 0.17389069929141887 118.71589501714956 7037 0 9930
Darkterror 50193 293 7 9 0.55979740201168 12.96505380333322 8231 2 915
Darkweaver 6592 455 8 6 0.22561335315132292 69.87129874194518 4417 3 4576
Darkwitch 9862 259 8 2 0.1516550250912173 8.763852983604457 8311 1 965
Dawnweaver 15262 463 5 1 0.40272383387692257 64.56615129639655 3373 8 6889
Deceiver 20749 115 2 0 0.9013663749781142 3.6884658180823937 1904 3 2098
Deepsea 53188 500 8 4 0.4222826169214108 21.16131989817436 6644 7 5890
Defussion 40515 274 4 6 0.5435491922818513 63.69746369275273 3549 1 5280
Delas 52164 23 1 7 0.16853523561189176 6.128431000619252 9481 3 3039
Delinquent 45186 373 4 9 0.576692988022769 98.78205428032479 5310 0 8899
Den 64170 485 0 0 0.32043002012367505 10.51260927715914 8623 9 711
Dethecus 61479 103 7 7 0.369966048128726 19.26267206131293 2860 2 8676
Dethknell 60651 154 9 2 0.046869849677006914 39.060393830984395 7427 2 3008
Dethstorm 45761 546 0 8 0.18802074639170407 49.23923193332736 8707 8 238
Dimensional 64468 54 1 0 0.14999918112540156 32.196006320528724 2844 3 6549
Dinn 84413 464 4 6 0.8268669543376798 60.883977493444654 1825 8 5927
Direwolf 64363 301 1 9 0.2065691574368882 24.70749118196196 152 6 9426
Dismissal 89066 479 5 2 0.5743645527771458 103.1246954490472 7408 8 3320
Dokuroyaiba 20282 594 4 0 0.16209159388692573 97.47916734972128 158 4 3173
Doomforge 24228 472 0 4 0.025326215047829725 75.96427749144546 7640 7 8836
Doril 2948 0 0 9 0.5980593923011577 67.1826461901749 9801 5 4441
Dragonik 10105 419 3 3 0.6836609502768111 41.712381924966365 5961 8 3918
Drakmord 96157 563 5 1 0.5355819454270897 32.69538399308522 1104 5 3076
Drake 67341 329 3 0 0.5780908301087391 118.13339057350906 2852 2 2011
Dreadlord 63051 590 7 6 0.31658282213590094 57.20781947659796 9403 7 882
Dreadmore 17002 107 2 8 0.3750263298534685 104.18433991603177 237 0 2885
Dreansprite 64643 113 4 6 0.36408712153746337 14.43741925260806 415 8 8768
Drill 73920 484 4 6 0.7791050341989858 61.743892398606626 6516 5 2962
Dryad 60992 180 2 8 0.6545625722835934 0.8949581474258883 6522 8 8911
Duke 6738 429 5 7 0.7212222260506185 118.51136187369589 2370 0 117
Dunames 2340 319 2 5 0.616874190725239 90.42502793216255 6552 7 6705
Duster 17187 502 4 1 0.8137748594851787 86.94994955018393 3995 2 2796
Dusthoof 73093 516 2 4 0.12389330975929258 90.8235055280711 5260 6 4511
Earthbound 74663 53 7 2 0.43709046354115977 37.503399981538685 499 3 2976
Earthcrusher 18710 207 2 6 0.8745190458278848 25.649337207173378 9815 7 4535
Earthshaker 41838 574 5 0 0.25903608355289653 3.9470384037101436 3738 1 2290
Easyone 11268 149 9 8 0.02680177548970286 49.70134717467921 1167 4 1933
Edmunson 31169 225 4 6 0.896635035072367 84.13500077179332 5004 3 9930
Ekibyo 79772 145 0 2 0.5786041209861262 98.20213097495461 9633 6 5550
Elder 30759 163 9 4 0.23482850356498608 16.942599969752212 4308 7 9464
Elephantis 96266 499 5 2 0.9830221160089763 103.57572414153309 2038 9 3316
Eliptik 47567 116 6 1 0.8195921587200936 79.11816690116662 5513 0 1623
Enforcer 7636 555 4 5 0.5044701224414775 27.75262879270102 3994 8 1753
Erraser 4490 18 0 1 0.9523683066462806 104.16992536952073 7668 2 8941
Etaqua 88871 311 6 4 0.1813833596868486 101.99038245050386 6359 0 5145
Eternal 40027 245 0 3 0.10774333995012442 96.31225679507591 8398 2 912
Eternity 58821 239 0 2 0.16701291063225954 11.939123856872076 1629 9 4741
Ethernal 41250 598 4 3 0.06964956254882071 29.74965820562163 5304 4 322
Ethernaly 413 537 1 4 0.01550734431800116 36.664847938696134 202 4 2899
Exodial 65390 169 0 2 0.49189059757222964 87.92768585868289 2637 5 512
Experl 9368 329 7 0 0.9017440831174041 31.997479823061564 548 8 1769
Extermination 96851 505 8 1 0.2108946536484172 66.44560610562093 2117 6 2599
Fairyox 18070 526 0 0 0.18616697420543982 38.201497102360406 2792 0 2317
Farseer 45734 434 1 3 0.6123273634895668 21.597430711346654 2986 3 1839
Fearless 3020 131 2 6 0.4268093484199871 88.75322649634761 4826 2 2793
Fearoth 23454 385 0 4 0.23421274783735113 35.353628893287514 9206 3 4198
Felblade 47768 44 6 9 0.30695680612057774 52.00565633532921 643 1 8043
Fellhound 59744 48 3 7 0.8988020699252955 95.25747982626511 3217 6 1378
Felore 50055 232 8 7 0.7863860262310647 3.6586017160355278 5122 3 3051
Fenris 33869 154 6 1 0.3405145115545999 19.304638971049958 658 2 3673
Fenrison 97860 60 0 5 0.5352787124687807 50.03378687629752 175 1 8083
Fiend 38277 379 7 5 0.1403861211075227 63.394575617252265 8854 5 1449
Firebrand 98853 379 4 3 0.701857515758537 26.860677616303683 7351 8 4825
Fireye 33995 282 5 6 0.9067700338249068 41.25489944103738 1271 2 4243
Fisherman 327 431 1 7 0.767247786468279 104.1643912114991 9040 1 5485
Fission 78945 509 5 5 0.941321380323717 19.586827587715664 8265 6 636
Fizarius 39874 110 5 2 0.5143886989733358 15.341306568137378 8137 2 1385
Flamecaster 49984 331 1 7 0.9979861924239878 77.17899818361667 1740 2 6435
Flamechampion 92886 105 5 3 0.48297435559897517 9.916019899777865 7041 5 6948
Flamedancer 50097 152 0 3 0.34583682729883136 15.379846947628435 3289 3 5299
Flameseeker 42420 2 9 6 0.09100346431115502 18.974358092007076 5234 1 5844
Fledreams 8841 44 5 5 0.8648190676201613 34.97307221251925 5294 0 6890
Flesh 65178 257 1 0 0.4077803087570486 45.916436913881626 8452 4 1658
Fordread 88287 374 0 5 0.7830880307809633 54.408387477934355 5617 3 7607
Forgefire 68450 578 8 5 0.2859913158348377 20.900394391547263 5942 7 7642
Fortress 91450 366 6 4 0.36752527546747615 56.61802394796575 4981 4 8091
Fragrance 5141 587 3 4 0.7652589988337797 84.95665954035788 8808 4 2587
Friendship 5123 110 6 1 0.13278683505771782 43.29055324169614 3097 2 7318
Frostbane 54633 568 9 8 0.8004474872930708 40.92360611647997 6720 9 9712
Frostbeard 65360 153 3 1 0.18199593355101218 10.344693636192424 3895 7 3167
Frostfel 67661 498 6 8 0.039689722775977154 76.64334366790544 832 5 6688
Frostfire 9332 223 3 5 0.14275317525328246 87.18887122014091 787 1 4171
Frostwhisper 3979 499 8 2 0.5649766677569933 26.690558738661117 2675 5 3
Furion 21200 419 5 6 0.8399057350047512 52.78510303756747 1473 2 2280
Gamble 26818 490 2 4 0.8381692966099432 19.59258479278368 6016 8 9995
Gar 17953 432 2 1 0.6415346500486876 48.049677538204385 5172 7 5161
Gardal 81562 435 0 2 0.08406780774593037 87.21492795028658 6383 6 1994
Gardna 81197 580 5 4 0.1325484389256677 18.086104180926267 7689 6 2117
Gargoyle 65261 477 6 0 0.646925010258221 52.78796220428754 597 3 8452
Garnecia 76741 261 5 4 0.9824036883267987 17.399556731923504 6238 8 6232
Garoozis 65220 242 3 5 0.5253732039089345 26.867117522607906 1632 5 85
Garuda 21041 512 7 9 0.16671962774440652 91.70389965886963 3465 0 7965
Gavinrad 99714 309 2 1 0.011624401981090715 61.15531645571535 7161 6 5512
Gazelle 34209 129 2 7 0.9294562223205306 93.19456104051864 1285 0 980
Geedo 61597 569 7 5 0.7131024644679389 15.252396088377056 9065 6 7331
Gemini 47218 263 2 1 0.40104621045652167 31.090196168925196 9931 4 8531
Geomancer 40117 516 4 8 0.9380991909385702 49.58642208876811 5945 1 2959
Germ 16150 2 6 9 0.7521997390387221 111.58537915032227 6313 5 9810
Ghoblinz 60472 448 8 3 0.591967982013051 59.45575111936372 7426 7 4859
Gholbine 924 61 7 1 0.31245159340345197 103.72279951662263 1259 4 7195
Ghosts 31570 554 6 7 0.10775224600761923 52.573452306104755 3029 2 2272
Ghoststeer 28067 233 8 6 0.6319327220823093 89.57856452130369 5578 1 1691
Ghoul 66044 318 9 9 0.16659510712064374 89.9364627506888 6200 2 4514
Gilfer 16812 524 2 0 0.9449839540833433 44.925779225364664 5764 8 9737
Gilasaurus 33046 535 2 1 0.831017768812625 33.29573497064867 6066 4 9875
Girochin 71615 319 3 2 0.6013817876415446 83.4413308324954 7534 2 7139
Gobblin 12706 563 5 6 0.39103711702417154 49.91005724202018 2721 1 8789
Golem 50081 18 3 8 0.4770248436403456 53.66640747221815 7689 5 7720
Gorr 44744 32 3 2 0.5225968975105376 86.43010433325477 1950 0 1112
Gradius 97993 393 4 7 0.13847606939014467 80.31442503582032 5733 6 5357
Granary 44806 98 2 7 0.9840113396305694 110.35992241465857 9546 1 4912
Graverobber 98787 202 7 4 0.10793387702972101 24.008364475797258 7636 3 8660
Graveyard 6965 163 5 2 0.8737918176689231 13.135729310920613 4911 3 4449
Gravitybind 36142 178 0 6 0.21580373150710241 56.864948027172574 6511 6 607
Greenkappa 14964 333 3 3 0.6776995123264663 98.8756502703902 5847 6 3098
Griggle 89762 282 7 0 0.011474289820850636 93.1427894302127 3017 0 8931
Grim 57607 125 1 5 0.8201138350912343 24.594049287212385 7881 1 9478
Grimmer 26695 465 5 2 0.06920840191193467 98.92804205314486 1291 9 2777
Grimsight 33796 445 0 9 0.9714317331885676 70.3198147752919 9863 3 2430
Grimwolf 66156 435 4 0 0.8309037961926377 53.91105924408673 1017 0 2882
Grok 52599 90 5 3 0.8564416828418805 32.16412194546971 4701 2 9659
Grom 63809 327 5 2 0.19214791681370225 119.95361586751295 170 5 4900
Gross 85180 426 1 3 0.05630058520944414 100.87953495430806 8063 6 1578
Grove 12372 167 6 2 0.19940349204142882 30.47522284895443 5617 0 2102
Groove 24047 480 0 2 0.23735867064342697 17.64337040433865 5742 8 3369
Groovy 96302 249 7 2 0.08685195178449501 43.691491934670644 5115 6 5893
Grotto 5710 287 8 3 0.20272761897387248 54.363984863619564 590 4 5651
Grunt 78052 561 1 8 0.05955705835899039 10.284364586465923 7000 4 1934
Gryph 74382 326 7 7 0.11689771199237275 106.30340890426199 4814 5 4843
Gryphon 67010 547 7 2 0.10897867515796389 7.915455969527523 5555 8 191
Gul 14572 303 8 7 0.5602319272493276 10.66353492391702 1774 6 4856
Guldan 16744 297 5 5 0.12688163872301594 83.72721535384865 6273 7 8406
Gust 81472 442 3 1 0.729776372326117 108.3003167638929 909 0 9857
Gustafan 74789 248 4 0 0.3293852549599352 41.103977153041015 6440 0 7102
Gyrocopter 70801 417 9 0 0.007126236391139185 101.09106399302766 9051 4 5331
Hancock 37058 373 5 2 0.6949504312704798 4.85360407133296 902 0 7539
Hardarmor 19420 188 1 7 0.29530414832601404 10.738390676763117 4235 7 9615
Harpyslayer 27319 35 8 7 0.7047904817141906 2.8625148756379026 8893 4 1731
Hayabusa 28717 570 5 0 0.4075932611798916 63.88052112448626 3484 7 7537
Hawk 74330 210 8 8 0.1134365313947363 112.2895317092999 6471 5 697
Headhunter 82718 340 1 8 0.4354966081801872 33.096160820682854 2282 8 226
Hellscream 14667 501 1 4 0.99852229071563 1.489461795180178 6528 1 6094
Hellbourne 59315 289 2 6 0.3845710563748139 75.42262134486914 224 1 2913
Hellcaller 29206 96 4 2 0.6854463816033266 18.962739483525205 8448 2 4043
Heratok 37424 191 4 5 0.5405325767042171 42.903038484378165 8224 7 4361
Heretic 73503 427 3 8 0.8232069246963387 88.45506858950262 6182 7 3702
Hippogryph 5490 446 0 3 0.49910291055052947 48.87216428266083 7771 9 5127
Hitotsu 86079 542 4 4 0.42680017886117094 72.49799131007488 3512 3 7515
Hoshiningen 12225 461 3 9 0.6875416101569556 6.484774309130339 843 1 6263
Huntress 29949 69 3 0 0.889170392768213 99.67978467919015 362 5 3296
Huggin 42195 436 2 0 0.5402839971101435 101.56621678226544 625 5 8217
Huntsman 18910 420 9 7 0.1074559808406268 45.133315273730354 3657 7 8744
Hysteric 84494 158 5 7 0.4228110337063484 81.27547115261015 2366 0 1085
Iceblade 5199 342 0 0 0.035486903120366065 67.36570153901496 11 4 7665
Icecold 18964 287 5 3 0.4746631810085362 116.24700569551831 1086 1 158
Identhy 14746 186 3 7 0.25406295302099646 32.750759460800055 7816 1 304
Ikea 11901 514 6 6 0.9528532153720269 61.623684288341444 8112 2 4744
Illusionist 42410 528 0 2 0.8950236414246606 103.75193814983383 397 2 1545
Illy 71731 134 5 8 0.47993543368156044 98.38815745361634 2333 1 6978
Imitation 96107 271 8 3 0.3326684751241936 47.10731157165529 5022 2 4361
Intervention 8645 22 8 3 0.05637514974632429 49.19978043616284 9667 5 919
Irea 65759 436 3 6 0.10049410106099854 19.532001141624203 9841 4 8466
Ironcliff 3452 80 9 5 0.394986549128407 2.9775373687581164 6645 5 9427
Jake 2428 567 7 2 0.1518927838707388 33.59391874421966 258 3 7313
Jam 67039 126 4 1 0.3270445679313395 112.04137333294435 1433 2 7651
Jammed 13155 139 4 1 0.7754476750684433 64.78834053922851 810 9 69
Jammer 48767 495 9 8 0.8568283241169803 108.91462529578055 9706 4 1390
Javelin 97869 332 3 6 0.6294240208340168 38.84261092675561 9090 6 8369
Jerek 79976 343 3 8 0.1860473672467332 2.9534752837562994 8870 1 7061
Jinzoe 92793 357 8 3 0.6722861181477904 29.166552236904245 5476 1 2958
Jorn 56797 576 8 8 0.36468937800010537 57.735111723417745 4223 1 6764
Jowgen 8065 563 2 5 0.44847547262132825 108.2440410647189 9887 5 157
Juber 27699 474 5 4 0.4637836224304889 48.40952931289466 5474 0 8166
Jumanji 511 360 8 5 0.7188121908295536 110.62875727689239 3242 1 7403
Junios 48118 531 3 6 0.5125028227253223 25.68001465530129 3823 7 9322
Kain 51744 104 0 8 0.7958857933455417 12.929857701076596 3037 5 6407
Kajind 53352 314 7 7 0.2416508339418284 13.279271272974388 4634 9 4454
Kali 99918 299 5 7 0.9154795950671623 58.49301802227186 5951 6 9377
Kalinaj 27081 54 7 0 0.6632589735427143 44.181367427093285 1124 9 8239
Kam 24690 492 1 2 0.3198325185048142 89.01652610413537 4886 0 1527
Kamakiri 65927 90 2 7 0.06771385051783951 54.63906866967937 1883 0 4970
Kaminari 10259 260 9 2 0.487427557024129 116.5827066823952 7516 8 2315
Karn 58847 262 2 9 0.4021675616347622 103.64116233682388 2183 8 377
Karnwield 13098 436 2 6 0.6726674715240002 78.89946623998016 352 6 9517
Kazejin 76518 162 0 7 0.6141638886526085 39.59998050272853 2761 2 9971
Kazil 68229 229 5 9 0.9385472593298758 36.17703556619253 8561 3 7726
Kazragore 51868 281 5 0 0.20030061879903727 8.93496027661997 3129 8 9229
Kathris 61184 191 3 6 0.513172530748345 55.128449128105615 2126 1 4997
Katrinas 94220 237 9 1 0.3298190159510238 37.5186019752625 1504 5 9900
Kel 29227 205 2 1 0.17924159114564142 56.071052810448265 3285 8 4367
Kelen 21016 513 1 4 0.8463637851645108 82.37625297069043 3712 5 9439
Kera 93729 188 6 3 0.632572715187927 1.8875039951975348 6215 8 7412
Kelthoz 81504 40 1 5 0.6575215374396528 26.135277347489033 6127 9 9417
Kelv 51007 189 5 7 0.20520353554443305 18.420691971173436 5259 4 4029
Khan 44138 587 5 4 0.3614703778258187 90.93233307388306 6698 5 5251
Kigami 98305 331 8 1 0.9399327628538026 27.34467225706391 3151 3 440
Kinetic 95611 8 0 0 0.9341380230343679 94.1141558464377 6058 4 6483
Kingfog 58242 284 3 3 0.8914529036416291 64.16554717390233 1109 4 8194
Kisetai 65584 567 2 3 0.3002687042021427 49.287150852223164 1619 6 899
Kotodama 4002 469 1 1 0.39510269025515776 2.1292101963307664 1685 4 2516
Kunai 22240 206 2 9 0.1699702174565385 119.13904261075729 9476 0 123
Kuriboh 20185 462 6 9 0.3340346827087619 70.68932982448408 6148 4 3795
Kuwagata 44046 491 3 0 0.5615004926996701 18.901282129275906 6223 6 985
Kwagar 53760 66 4 9 0.6111665649887154 64.9359666104885 6964 9 1000
Kycoo 40772 437 9 0 0.5147360705674922 11.148854869647575 8720 8 9413
Labyrinth 85485 123 9 2 0.8211969730166531 116.9950744645989 3920 5 8121
Ladybug 89068 431 5 3 0.08204412855939969 85.52388124201359 9119 0 9200
Landazar 55793 14 6 2 0.7633877894168658 25.74890932582083 8295 7 1996
Landstar 46250 276 1 4 0.35888191113337986 94.47608383367229 3750 5 427
Larazy 8080 485 0 9 0.946529827089195 28.03940777576884 2299 1 2552
Larodar 80651 314 0 5 0.07072309819814238 33.666065957381484 2625 4 4386
Leever 16073 479 2 6 0.6379335971006446 30.417896756303563 2451 2 113
Leogun 92534 474 5 5 0.6918383918641093 20.581355257193295 5491 3 7484
Lightbinder 66235 282 2 6 0.5884611662309356 99.98733638138391 2371 8 2195
Lightstalker 19617 175 6 8 0.7516370201499739 86.3500453603069 5589 9 3876
Lieng 98488 247 5 1 0.131200087340672 7.31505227734512 7145 9 7515
Lizz 13332 269 5 0 0.5429341091789952 114.7569584361057 3112 8 9823
Lizzard 22913 404 3 2 0.4736691288705851 42.01621584146356 2609 7 3792
Lizzardman 12744 113 1 2 0.9314987274987434 82.00279323579161 2070 2 5319
Lorderron 32037 15 7 5 0.2693484868019561 117.53921040368368 5809 3 9551
Lorthiras 23193 212 6 7 0.06603289492765363 25.601741936521606 1789 2 5038
Madsword 39 160 0 3 0.8163851754091719 107.91475640138917 24 9 7263
Magefont 56140 393 5 2 0.08143763008142402 97.6679018995651 3178 0 9755
Magesinger 85310 276 7 9 0.8577024025769023 74.62915607556833 9119 1 4931
Maghulius 99105 309 1 5 0.09556167758065748 45.24964290788907 331 2 6087
Magicrusher 41628 265 8 3 0.08122541389366045 92.09012388948726 1948 9 7192
Magis 42940 461 3 1 0.030956056161660084 38.76388476547225 6105 2 612
Magister 57488 65 4 0 0.19094448406453168 27.98851069918948 813 2 1961
Makiu 95014 525 9 3 0.7994478864852161 61.263653077352615 1172 7 9449
Malak 21314 116 1 2 0.2541027644540038 9.713302947033743 6865 2 9169
Malar 87131 164 6 8 0.8102020934727283 100.42185726702387 6414 1 5471
Maldazzar 92246 87 1 2 0.8575906616312216 36.217370566860986 5299 9 8676
Maldibion 46311 213 4 6 0.38358692592426047 107.7868113843838 8693 1 8141
Malganis 8531 412 0 1 0.12393524789314236 29.60019777283875 292 8 2453
Malorne 24140 321 9 0 0.6464486648349873 23.99029375347839 7006 5 9957
Manadar 6191 594 4 4 0.5560084449718438 112.28791025506733 2283 6 3877
Manath 79319 398 6 4 0.6628110971088731 103.97141617797905 5595 4 4701
Manfred 44393 30 8 1 0.9772813785350334 101.04303792473199 2130 9 4697
Mannoroth 20820 447 4 0 0.6216452568483374 4.599128673764916 9859 3 5971
Manny 36827 272 7 2 0.004285459729457708 41.99343133600367 9199 0 8020
Mantis 51776 331 4 2 0.7049342376876612 41.887473082525425 1093 3 5971
Marclast 93257 220 7 4 0.7886960453230514 72.17386424777818 5095 9 6608
Marksman 2537 35 1 4 0.030135498916223358 31.730294355611267 4609 5 9554
Marn 56587 70 3 1 0.4725430483674342 20.342466621383757 5608 4 7688
Marriner 14532 6 2 3 0.6772963475880732 14.040871202602911 9135 5 3583
Maryokutay 29049 505 9 8 0.45151577081818706 17.559108651362884 9896 3 4340
Mave 83309 594 1 0 0.039110112731328806 44.546333905024746 1323 4 7171
Maximus 69037 59 1 3 0.19382910395591346 17.561754974651333 4907 4 4980
Mazim 1905 363 2 4 0.47933537356551237 92.31171673236823 9486 4 1362
Mazulu 86587 197 0 4 0.8369452721391084 16.591397454415784 1612 3 5163
Medabat 66285 170 7 5 0.849091125983797 37.28354872784213 3434 1 2939
Medion 1180 298 1 6 0.9185128682198652 37.114126046987074 7664 3 3526
Mediums 28602 334 5 3 0.7300640514304303 65.55270691231459 9583 0 3553
Megamonz 57484 447 5 3 0.49373181942669775 71.8619284536799 3442 1 7513
Megamoon 66316 415 6 8 0.17772042839981284 117.32072629070834 712 4 3412
Melchid 31612 287 7 2 0.167144606985685 62.629424333669974 7750 6 6067
Mercy 94615 218 3 2 0.19593168181848053 92.26730343363448 351 8 5768
Messup 37629 106 6 4 0.6063779695462083 28.063994820146135 8400 6 9899
Metadrakoil 93984 344 7 7 0.5473518657353602 99.5892240790991 1380 0 881
Metalzoa 48315 106 8 0 0.3080302874995702 108.88892964341365 6991 8 4564
Might 76166 484 1 1 0.7924018713028448 27.717010021461718 4822 3 3796
Mighty 38829 503 7 9 0.4167568603618689 87.0953167068267 6833 4 4300
Mightyone 31176 576 2 8 0.5454222356240349 115.79487967279982 7020 1 913
Mikasa 11997 181 9 2 0.4383127457289323 73.99579038082068 6568 3 2623
Minimus 10585 541 7 2 0.8716796321789638 21.4868641189219 4340 2 4079
Mishizure 60878 244 5 7 0.6821589933570014 13.894167778057515 7736 0 8719
Modi 22109 484 4 3 0.9463044222378331 5.4768941141226435 3776 4 4783
Momonga 11126 390 4 7 0.18113766032083456 115.60622936033377 3570 3 1694
Moonfang 65861 568 3 5 0.6193715678281082 71.96780951259885 3405 7 3527
Moongoes 82141 416 3 2 0.8922128360347572 70.16133018609295 4712 4 341
Moogul 743 268 1 2 0.33432079070006415 98.2335123843396 8516 1 2849
Moonray 33220 277 2 0 0.9265233774361367 3.588496410432178 9212 4 6956
Moonsinger 21723 84 3 0 0.024465810448658365 48.39446719295443 763 5 5593
Moonwalker 66669 9 6 3 0.8977860842108482 19.487208902267103 3158 0 5355
Mora 75538 526 3 0 0.649822906961419 72.49900977003149 9095 9 493
Morbent 43410 566 2 9 0.7398418646065265 54.718659840027584 1066 1 6059
Mordius 78167 227 8 7 0.05986863422039612 89.00633451722827 1248 5 4079
Morg 3944 71 7 3 0.3168883690701033 17.52055918028448 3783 6 3967
Morghanna 95824 230 6 1 0.8937193943038337 6.0612434137542115 3671 7 4244
Morinphen 55963 56 1 4 0.13935726914332225 32.01459311200818 5358 8 4017
Morlune 49736 426 3 4 0.41483752954976794 15.580274084533844 86 8 5970
Morte 93542 12 2 1 0.5757600515404765 34.68248499219257 8877 9 9322
Moth 30309 115 8 2 0.07056068123690251 77.06361015635737 5094 6 1936
Mukamuka 7198 240 1 5 0.20305768928171108 32.0516305468098 6864 6 417
Mull 99175 381 2 6 0.35600064341609494 30.011761837035383 8848 4 9797
Mullioch 61299 374 7 7 0.7177461578911914 16.54659788910022 1952 4 7173
Munin 97798 151 0 7 0.3262658683681361 111.54001894304034 2846 0 7326
Mylus 89075 531 0 8 0.005054908677760039 88.09558868940651 3243 5 827
Mysticbox 12692 532 3 7 0.06025557414481475 37.80205632720484 106 7 6464
Mythical 46036 349 4 5 0.16821834299779714 28.373300720387256 8270 7 8939
Nammoth 2751 12 3 6 0.1438032567857339 24.586143538809434 6694 2 6491
Nandieb 81792 235 0 5 0.2031158480764811 105.13107798040578 7782 6 2825
Naze 20669 345 9 2 0.06069077452349725 76.23819744084943 5946 6 5306
Nazgrel 26441 261 6 0 0.4807217962963892 35.40349384532868 3610 7 4535
Necrofear 44042 50 6 3 0.3986133104743368 47.074942530921255 3302 5 521
Necromancer 30812 44 9 9 0.701428217827003 94.85509627904867 9430 2 8397
Necropolis 22471 358 5 5 0.2757750781246535 71.73232856214733 3953 5 9223
Necros 66415 409 8 9 0.7076882896767884 99.38408327001886 1187 8 2795
Needle 84130 473 2 1 0.04528842219189355 28.37902546711311 9372 4 6516
Negal 49019 286 4 4 0.6964925929353573 54.448234322570784 1781 4 8598
Nerothos 81915 17 1 4 0.4524125868088432 71.21663671959465 3046 6 9162
Nerubian 43988 76 2 5 0.4384704358877901 24.414867108793516 2021 1 6677
Nightcrawler 87829 351 9 9 0.20800130294102215 57.86728915075173 2554 5 6745
Nightshade 88062 429 5 5 0.07907165824351303 72.42789156635833 3185 1 3356
Nightsorrow 20986 480 1 9 0.7450607913093263 66.6698129647798 602 7 9938
Nikoro 93865 307 1 4 0.7281162168885201 61.57365492836086 2305 4 7491
Nilas 64950 399 7 7 0.4793999904272327 73.99776544218781 4364 2 3940
Nimble 14484 464 9 7 0.11141645834327263 28.130142491188693 8550 3 9038
Niwatoric 53545 181 7 3 0.5759625601963065 79.78064157597451 1704 1 6446
Nochthitus 36738 92 0 0 0.10221738611212805 21.893501290651557 2314 5 7385
Novatium 79321 353 5 5 0.29616368301128104 109.63343367208056 7613 4 9150
Novox 45811 79 2 4 0.526528941260372 98.35909202271908 9598 7 9022
Nuada 68079 466 7 1 0.8756432785537445 55.43403687428052 1042 1 1637
Nuvia 89650 46 8 2 0.5663286139686773 91.13331813435619 5245 8 2024
Numinous 18043 26 1 4 0.35414123844173384 115.76239025288159 4464 6 7342
Obelisk 49582 302 7 5 0.7050088040916901 35.484694514744255 4294 1 7899
Obey 88925 116 8 6 0.2881763140372098 8.134517576150536 7997 3 5335
Octoberser 51077 545 0 4 0.07286901862032347 107.40011950671487 1038 6 5972
Ocubeam 49294 313 2 2 0.15196925248651427 73.10843555065094 164 1 5007
Oghma 84140 392 7 8 0.3750714969142105 35.762244734129936 8013 4 8136
Omotics 18963 66 3 1 0.9423218680185775 54.66176929274368 5778 6 5915
Onitank 31768 377 9 6 0.20408169443368762 14.048515476273678 9679 1 1659
Ooguchi 34607 451 7 1 0.9092945307879381 22.172890771375364 1703 0 3417
Oprime 64032 15 5 1 0.352614306193054 14.88893482431096 8595 1 9076
Ordin 93405 266 5 1 0.9374950007743265 89.18271225283422 6097 2 5183
Oscillo 58006 36 9 0 0.9165401228598942 75.40011781410115 757 5 8988
Outrunner 2263 536 6 2 0.2942016896706633 37.05305591330114 203 1 867
Overdrive 64988 23 5 3 0.19074493570258833 49.805019044664135 4900 0 1985
Overholed 54122 232 0 5 0.7726210780628535 33.72406316446004 1827 1 379
Overseer 7605 566 4 8 0.060855770933811004 1.6928186418162694 1162 5 6634
Owlbear 32305 72 2 8 0.6141729971253044 116.93748739270025 708 9 7257
Painkiller 43694 483 6 7 0.2419776685863564 71.48936335467408 3691 3 1476
Pandaren 86833 459 5 6 0.5562880023233909 107.33919364717252 1351 9 6156
Pantherius 50799 168 9 9 0.039654027452525775 52.28699694604347 671 7 7892
Paracide 50607 2 2 2 0.37588485570823693 71.48293360336119 3183 3 4685
Pedestal 35972 118 9 4 0.5513400383515706 82.99131333765149 2754 1 3156
Perenolde 49540 551 4 1 0.9782061383529725 1.482660064010819 9864 6 3608
Peril 58106 349 8 3 0.3975502324269108 72.52298646495964 5915 6 3563
Pharoll 79596 121 4 8 0.401370971640586 92.3324131913209 4028 0 8353
Plainstrider 13455 67 9 1 0.19492269789143746 30.183011344169483 9020 2 9567
Prohibition 59728 530 8 9 0.694838358742449 67.03555789500534 4795 7 2962
Prostar 5323 400 7 3 0.3487717907332283 69.74123539486497 6736 8 1771
Psychic 46375 216 5 3 0.0015597060259632256 112.838688326381 8211 2 3054
Puppeteer 23516 60 9 1 0.15594406753647871 89.70848916501399 9128 1 1618
Purity 165 597 6 3 0.9861646848219261 50.10449112308621 4700 0 1409
Pumpking 51993 356 8 2 0.24123580879158624 27.843854118507167 5269 7 9880
Qarper 5413 483 4 4 0.05291904187824803 101.61200550987967 8199 9 1733
Qkzoo 9919 253 5 1 0.589190110712347 119.34802561892727 6390 8 570
Quacks 48507 129 1 9 0.27589682604317156 119.14662762708431 3499 8 7708
Quad 94022 243 2 7 0.730306558936536 117.39337416224835 7254 7 6717
Qubix 92379 310 5 2 0.19891922992944433 72.81568372027343 7319 3 4229
Quijote 12562 5 1 5 0.3647291528983969 100.50848572128507 2394 8 6390
Quzar 34493 293 6 9 0.37406007271007047 105.15305138831967 4733 3 668
Ragereaver 93521 220 4 4 0.9911202306783524 39.61178555001298 7024 9 4175
Ragerunner 88343 86 5 6 0.8052502883571397 67.18783992177212 1867 7 6156
Raider 73698 484 5 5 0.10309032750609692 70.79250653494125 3615 4 1773
Raimei 80141 79 6 3 0.09871122368276264 109.55226048453238 3674 3 9435
Rak 69582 318 9 4 0.6352794475602415 67.76004102762144 2418 4 5966
Ras 39248 181 8 4 0.7362073533931602 62.572201502383884 8372 2 93
Rashgarroth 35117 230 8 0 0.5166334613430273 56.591587775410716 3347 9 7502
Raven 83153 485 8 6 0.2626630669462817 1.175350147611276 8556 3 9569
Ray 92307 326 1 7 0.1158833514193568 98.24546640924348 3422 4 7777
Razorman 44450 120 2 5 0.48938373383080025 111.29564632067736 9729 7 3768
Redeemer 96047 472 9 7 0.7556273021421667 71.39037559678854 6980 9 3947
Reckessly 61654 566 1 1 0.8714370803492925 104.05415902343233 5947 8 355
Redeyes 59303 481 4 9 0.30427329026128014 96.42167660716184 8778 7 7387
Redmoon 48 410 4 8 0.7267885037666787 54.03480690326242 6623 9 2728
Release 14919 73 9 6 0.622591896513894 104.9615526711699 4244 6 5479
Reload 89407 309 7 1 0.7702680619059968 52.00325107408736 9378 6 5487
Replacement 48741 126 0 1 0.6025384869958298 38.412754365644304 7979 1 5435
Restrict 57867 116 2 3 0.7727312184891625 5.868781311848532 8601 7 8136
Revenant 79614 253 6 7 0.964750065852183 71.87297948142401 5377 1 9335
Riderless 14833 16 7 7 0.9008357244890273 33.86640756831186 4709 4 1338
Rigras 36175 38 0 7 0.41774011162535607 90.4107124059832 2119 1 7440
Riryoku 39141 424 5 0 0.21229362987438838 10.019610942097108 2486 7 3769
Rockbeard 40473 2 6 6 0.28197227039448636 34.72090437802985 9378 8 8081
Rollon 74425 74 1 4 0.7824997627905216 34.987887737846144 414 2 4335
Runetotem 33494 476 1 4 0.06697543738673195 90.76236138177467 5898 8 5446
Ryuran 23322 414 2 7 0.31893432345606043 8.33698861166031 4392 1 78
Saberfang 98081 375 3 8 0.5963876249132051 108.24523777831277 1477 9 5193
Saggi 81557 444 8 2 0.8181665359937422 115.8984691738844 5978 2 1691
Samuro 57698 362 7 8 0.20681922695847244 47.77894614868296 4715 9 3191
Sangan 16900 157 6 1 0.6657492346705801 104.88820707137504 5538 7 7192
Sapper 63727 267 6 9 0.9198734003587007 44.975099309204026 3799 7 6517
Sasquatch 95256 521 3 8 0.541517233172751 58.385947771034296 6930 1 7651
Sathyr 64642 211 7 1 0.686342235870437 17.5691107691961 5285 2 2087
Satyr 94710 153 3 7 0.9321370447902462 80.06919212591964 1276 8 3203
Searinox 64446 586 7 7 0.22692415153435708 1.2950134581657258 7766 4 6365
Sebek 50118 35 9 1 0.9701789169007209 12.04944425073533 653 6 761
Seeker 88437 218 0 1 0.3098215348693103 21.31286369674415 5438 2 6491
Sentry 96938 379 0 7 0.6060955194009978 87.45702440258665 7302 7 8699
Shade 46661 591 1 2 0.6929410224701041 24.814319138617517 9268 9 5870
Shadowdance 58366 296 2 9 0.8085208162705887 91.11658007976851 3078 2 6230
Shadoweye 10913 135 2 9 0.3634213801755577 80.26152302917501 8900 6 5694
Shadowfury 58880 427 7 3 0.0021009521030280753 34.17910795168601 6851 8 3567
Shadowstalker 42728 312 6 5 0.09177002533385248 69.66454109770082 7825 1 2857
Shadowsong 77951 47 5 8 0.35411095829375094 1.7322819930385025 2608 9 1404
Shal 47343 38 6 7 0.9095367493284294 109.36566624901606 3707 0 6927
Shall 47478 31 9 3 0.7654999505635249 107.8788562650768 7861 5 7383
Shallow 3038 54 5 3 0.6613583394278311 75.84168205830598 9064 7 6944
Shift 76633 186 7 9 0.6034686631298566 4.107610206017083 4214 7 1566
Shinning 74585 115 7 2 0.7831570183580469 36.80045810550224 8664 2 8247
Shogun 78756 218 8 6 0.8165687947705585 69.41236364671875 9576 8 369
Shredder 62840 184 2 9 0.4426855829197657 81.95256952095319 5682 7 894
Shrine 11129 469 5 4 0.22560048791768783 31.846745269922852 3513 1 7855
Sindweller 45855 316 0 2 0.9365195467551675 66.77473693458222 739 3 2629
Sinister 93511 454 5 3 0.5008725944882859 80.21530183950925 3812 8 7806
Skelengel 7600 110 2 4 0.0746669225962806 117.71654455947338 5730 2 9276
Skulair 82709 67 1 1 0.775909068181978 82.44992105096766 7838 9 8912
Slayer 32543 378 3 1 0.27148910407100146 76.87760649678421 7657 7 4814
Slime 74942 476 6 4 0.557282924775435 96.83394409187525 7269 8 7095
Sly 23420 412 0 3 0.28651342353423737 63.316047626069576 8604 1 8444
Snatch 26045 461 1 9 0.7584150212094808 98.41982995334037 8822 7 3053
Snowscar 7792 494 5 4 0.37351093523395396 58.83331890528535 4095 9 552
Sogen 1387 134 5 6 0.3909891061467373 82.41887157142163 7631 6 3187
Solemn 69971 11 7 4 0.8690744512402996 47.181737928845365 8363 4 7531
Souleater 36613 406 6 8 0.9108346524542291 77.57863131288546 8843 6 8244
Soulrender 39010 193 4 3 0.6166511803688175 72.90253450376754 6827 0 3693
Soulstealer 39949 34 9 7 0.04606474502479874 16.034660337204564 7965 5 5029
Spear 92363 366 6 0 0.7279756886902162 2.040075325195949 1171 9 8665
Spellbinder 43657 488 1 2 0.3849068143482929 44.13245096696108 1810 5 2934
Spellweaver 87050 592 9 2 0.9461512907974953 31.285138143148092 3985 5 328
Spherous 2466 360 0 0 0.21062815659428047 5.443505729243023 966 3 2837
Spiderling 95514 462 0 5 0.7239056417023714 31.04340528505562 8563 5 6005
Spikebot 90468 559 0 1 0.32346475136003383 58.699929745057986 7211 0 1910
Spiritualism 18470 523 3 2 0.2630875608429648 34.74706622428515 6134 0 619
Spiritwolf 4194 235 4 2 0.5573613510139225 7.575411583228431 6910 3 3535
Splinterspine 39838 256 2 4 0.38919252883887123 91.5448258788487 984 8 7271
Staleslate 91679 270 2 6 0.6960993110596122 5.951064736507705 5109 6 7761
Starboy 24132 258 8 1 0.7351409729977746 119.31071537379955 2312 8 8290
Stardragon 87486 322 3 6 0.7231290887984242 53.202293469107616 6911 9 9520
Starred 80441 297 1 7 0.2748523206522687 63.57224311356682 6616 2 8473
Starsong 98261 28 0 5 0.14686247203019331 112.68222887926892 8852 3 258
Steelcage 2301 559 1 8 0.5381464852746402 6.2157299231273955 2363 4 4881
Steelstal 97890 473 7 3 0.2636659695632412 58.38801089593705 5991 5 4037
Sternhammer 63540 569 8 8 0.6285780334357451 53.29828940434134 8862 6 2284
Strider 15133 573 4 0 0.030311055116115093 17.083057313379406 1627 6 3001
Stonebreaker 7512 202 1 1 0.49500501685638676 108.47414411056013 7933 8 763
Stonebull 28278 530 5 5 0.9827763254867087 5.091056834217964 8793 6 4907
Stonesmith 13410 477 3 2 0.33167919631137144 108.79488018008927 2046 1 3088
Stormhoof 83516 597 2 6 0.7662921587143335 51.63043462958983 2716 4 9037
Stronghold 87628 396 5 5 0.8217054432846643 71.21103797838158 8332 3 7696
Sumonner 77994 2 7 9 0.13021783350659544 6.851267022930059 4390 6 7107
Suppression 90959 469 8 2 0.531769800190882 76.10346963187456 8886 0 7155
Swordhunter 60623 260 7 7 0.12922365084282172 57.47460450883392 9281 3 4818
Tam 30857 365 3 4 0.7146180592843123 70.59905508041362 4117 9 8237
Tarm 8469 594 0 3 0.08841663914138298 102.7966576825953 5506 5 3770
Taskmaster 80891 523 5 2 0.19804145314545962 18.144128937633663 5101 5 4586
Taur 2780 221 2 6 0.10422421550120131 77.36208393483 9872 8 4852
Tenn 21916 65 9 8 0.8188848184827878 87.56233250189133 712 6 5697
Terraman 14333 527 7 7 0.325388386631284 104.26115281189792 1746 1 4565
Terrorblade 68410 103 6 5 0.897248531629708 57.22889173448834 6120 8 718
Terrordar 84748 529 2 3 0.4902996275024689 77.0697430095405 6452 4 7688
Terrorpit 62116 108 8 2 0.7046458853039417 7.54253779803137 6665 5 4511
Tharifas 69821 343 5 0 0.5797156364116962 93.10867319550738 5946 7 99
Thehaunted 98571 180 3 0 0.4410702098381192 3.936889692853889 8311 9 8494
Thetan 67801 291 0 3 0.5098927343144491 22.00407622292893 2696 5 7464
Thethanius 41815 291 3 0 0.3460061732566375 116.48696315317025 6201 7 4889
Thetruth 54058 39 4 0 0.46315956950640524 79.41372309457545 7611 8 1020
Thorgas 71617 525 1 2 0.6893037229911874 100.85107923350468 2386 9 9971
Thordin 62021 238 7 1 0.2944567824180565 26.04945626536732 7580 0 4205
Thorns 65507 470 4 9 0.24705943178848677 85.83575116198328 3684 1 7421
Thunderball 5839 221 3 5 0.9174595149167281 68.45328454936615 7575 5 790
Thunderbrew 16042 106 4 0 0.708382599337925 79.14843817646802 9688 8 4596
Thunderhorn 14299 39 4 9 0.25731297429008815 93.92874996156198 4844 6 227
Tichondrius 19778 293 2 7 0.2899514086588596 25.652535502909295 8257 5 2920
Tiderunner 8568 291 7 4 0.2441008346309239 3.019613431431818 3506 1 1758
Tiki 97591 480 5 9 0.6810018668429396 99.27783187763899 2932 0 4147
Tikiwiki 92711 574 9 1 0.03790500026952848 76.26945421754765 804 5 9602
Timbarlands 42389 272 0 5 0.5918781779439777 75.15999830964867 481 4 239
Timberwolf 59289 39 7 4 0.7393086756776188 56.86804675512745 6651 0 5088
Tojara 67069 310 7 2 0.44017219041657196 23.95183476213854 1691 4 9353
Tornado 30209 10 6 8 0.9056642820532785 88.24809713346932 5172 5 2451
Tothem 96965 85 5 7 0.6510790971809478 13.808977689948971 9146 2 13
Tracker 32038 86 4 5 0.31125067879084467 38.668808508249704 6342 2 6388
Traphole 22580 265 3 3 0.25981330549506165 92.42098484915047 9338 4 1054
Trapper 35969 249 6 0 0.24705208616863772 48.11546585727298 2076 5 6023
Treant 82075 218 1 6 0.8362985292809798 113.6269895583347 5549 0 5359
Trickster 5275 122 7 0 0.832409167195738 23.136344014850057 174 8 419
Trunade 62667 14 3 6 0.5740363232666014 29.491240516850286 2550 4 9539
Truthbearer 81301 72 9 3 0.02594519352683411 51.0847891167171 1265 5 9978
Tsurugi 5940 492 5 1 0.8298541260147629 114.95919859657286 4503 5 1427
Tunneler 85697 77 9 0 0.3873095422226074 37.064462406025655 4520 9 173
Tygore 35864 200 8 2 0.6185540448336323 10.987440962074757 6526 1 9169
Tygra 18655 374 3 7 0.9053845130914102 86.99473888204177 2648 9 4099
Typeror 38553 473 9 5 0.9713637443216196 32.832055258070596 6143 7 4365
Typezero 26503 29 6 1 0.014268179337200704 52.800267442810835 2076 3 7812
Typhoon 49289 369 0 9 0.5901964585555065 39.35787206867931 9045 2 1779
Tyra 97058 379 9 9 0.047806537757108636 16.83885240595422 739 5 2755
Ucrutch 11697 253 6 7 0.5673470156454606 10.037041476579912 144 2 6783
Ufo 6994 543 4 6 0.009549706009891135 80.24450334475831 475 6 7441
Ugaz 84139 34 3 7 0.8042988022166775 78.8572196848551 4220 1 1449
Ugo 95238 512 5 9 0.4712296883274827 103.68253593551277 9356 7 1847
Ulises 74180 166 9 5 0.13133168879189117 25.649061887884223 4394 1 1078
Ultherius 12385 386 1 4 0.36330010693265746 40.770645293050464 8701 4 2542
Umangos 79366 202 9 9 0.4947678516945444 39.237304479068904 2354 0 5257
Umbarius 4696 71 4 8 0.23046927593905897 67.66866676080399 984 8 707
Umetron 24507 525 0 6 0.1997590886297348 24.061346494127317 3367 1 4113
Umi 27796 145 9 3 0.4288488361452658 112.50979349965121 5974 7 4010
Underground 86278 311 3 1 0.3479213710855713 60.117261902305145 5700 8 9350
Uranium 59174 544 6 3 0.6153057065809538 82.74233868551546 9608 0 3457
Useless 36326 207 3 9 0.8308965567628948 69.73577265742688 7465 0 6694
Uthar 38613 305 7 0 0.4904491851859264 36.25300635016057 1112 0 8181
Utherson 66470 317 0 9 0.5887348678058711 95.1969712286331 1060 1 7289
Uyou 24242 14 1 3 0.011632873774411578 74.40508756059756 503 5 1687
Valkyrion 63122 242 8 0 0.1371298161501906 16.7348109086166 3448 8 8985
Vanguard 10753 225 2 3 0.4892534091809081 64.7775755962264 8940 3 8024
Vaqueue 3220 331 3 6 0.44691877610032915 6.219745872125637 9216 5 8018
Velocity 31137 360 7 6 0.05696487400705885 33.238569789568864 5498 5 2980
Vengyr 58004 151 1 3 0.22542083604040197 109.71841578051928 7700 2 8612
Venim 8852 441 5 9 0.793295060338202 25.708200366699067 4261 5 4703
Vermyn 22374 237 6 3 0.12028801817833323 51.082489143263984 7925 8 4001
Vittum 62525 468 3 8 0.23828060506860138 68.11740876100232 7527 1 7792
Voltadar 71831 158 1 3 0.7263824799468527 104.45643085931576 8568 9 1546
Volkano 97975 153 7 9 0.5544779749958242 109.07896168369187 3109 6 1130
Volthum 72759 24 0 5 0.924175428111638 28.733664913813154 9895 9 6135
Vorhauzen 74510 303 2 8 0.1280376339209789 65.96050734570501 3954 2 474
Vrath 98498 405 7 8 0.6793337392227848 31.024193635857714 1263 6 7035
Wagon 65187 245 1 9 0.8840475435505707 5.56643921672062 5569 3 3825
Wallshadow 98262 203 1 3 0.16817913055307843 25.491681509443794 9529 5 837
Warchief 69008 293 8 3 0.03328835211020964 61.54995303256758 4052 0 8847
Warden 19913 531 5 5 0.9088645144695243 101.71628232835502 8908 7 6858
Warlord 91161 585 5 6 0.7977468715834061 109.91921635666112 4286 4 4388
Wasteland 44001 70 1 0 0.4353232982926638 13.158426755531917 2517 3 6397
Weakness 13515 85 7 3 0.9431825153614247 31.37620098387844 2335 2 638
Webspinner 64996 218 2 1 0.1778525043865723 48.330491511104704 6236 5 5985
Wendigo 98970 371 3 6 0.6328366804835661 26.4135175175263 7945 9 7235
Whelp 77369 414 0 3 0.35375075638105946 118.79492452332951 383 1 126
Whisperwind 41317 270 8 1 0.3017425482299295 89.64799206569585 5970 7 4325
Whitemane 36965 364 2 7 0.33253870410490616 119.84133672289128 8114 6 6341
Wicked 7321 431 4 7 0.42138439954082885 9.219583566080143 9513 6 5862
Windrunner 71244 97 3 1 0.647354670920768 99.26819378434843 7983 4 5101
Wisp 54375 592 4 0 0.3056487873993671 102.53511158145035 1394 7 6476
Windwitch 81262 40 5 5 0.36718258565399586 1.5995379210662675 3646 4 7787
Windstorm 18697 310 4 9 0.5177046453068166 40.36792721528736 4788 9 5877
Windtotem 91298 437 4 0 0.2292962199430153 50.6706840640232 5605 6 5429
Windwood 93381 56 5 5 0.13087404414962478 68.39178630427102 2470 9 7515
Wingweaver 62653 269 8 9 0.8289814885634824 111.06116074425506 7886 7 715
Winterchill 79225 509 6 8 0.6225597507891496 31.559403030972803 7923 5 9264
Winterfang 52058 363 7 0 0.3611434866815948 23.455753629698776 8852 1 1807
Wintermaul 34905 1 2 4 0.7273580289704219 117.1382345841975 13 4 3032
Wizard 94339 196 6 8 0.2583531599535315 42.66727072583214 7410 9 2663
Wolfsong 56571 74 1 3 0.22270537555068126 13.36766333164328 7018 8 951
Wowarrior 57303 58 0 0 0.4404064795292274 78.62490995687 8768 5 4898
Wraith 24073 41 0 4 0.5875139234981197 61.157489113726136 342 9 8209
Wrathbringer 14386 366 4 6 0.4153446779399522 15.862128929649622 2895 2 7265
Wraithson 94736 574 3 4 0.3715931089875488 106.43727343848637 4571 5 5603
Wyrm 19327 488 0 6 0.800531798732756 8.544654524673131 1785 1 2570
Wyvern 52913 344 0 3 0.19221078303120276 82.99444947993638 8642 8 8735
Xam 35319 552 5 1 0.8798441266899889 65.35514047597816 1667 8 7510
Xamenco 20383 543 8 4 0.6755184490823453 74.0854398372771 4658 6 9802
Xerious 58781 6 9 5 0.009960004403960832 17.96307156871807 4031 4 8363
Xero 49222 339 0 5 0.6669774605084181 11.823625073581479 1390 6 2706
Xeronimus 1432 388 1 4 0.2314368230816335 41.59900300456458 5770 6 6786
Xi 94144 590 8 8 0.3192288361909634 94.270007549779 1035 5 2231
Xonic 22014 314 3 1 0.5406371969373833 36.5383260316223 7245 5 2707
Xsara 48808 6 5 2 0.5415244377629209 81.08185987656114 830 1 4380
Xtrem 75186 31 9 8 0.4141607658648364 62.07361683361306 6470 6 483
Xulian 22344 169 1 8 0.9659834101909144 21.191061887596916 8028 6 2356
Yami 16252 523 2 6 0.34141202401640036 53.683588625740214 4129 8 5397
Yelium 84909 67 1 6 0.397282640153762 73.84196518429718 3575 8 2423
Yellow 38988 297 2 5 0.07208043101990891 30.332568122280904 4374 4 8072
Yes 69666 461 4 3 0.3992823941825513 32.84813014074304 9078 5 6202
Yono 54422 368 4 9 0.7980378491646457 9.774984843756975 9319 0 7569
You 42807 22 6 7 0.6105088090963514 110.43284795612323 4786 3 2311
Yozhura 41743 355 8 7 0.6035126262440847 19.886150059971484 5326 9 469
Zain 41526 361 6 4 0.836960666084369 60.679736865473714 6064 3 6262
Zann 21090 120 0 8 0.7890392861277686 104.76138655750155 8353 3 4051
Zenedar 94930 249 3 8 0.3526093368796803 54.491473809753515 9086 3 4894
Zeppelin 40726 492 9 2 0.42490121894507626 23.862091615732023 6096 1 282
Zero 36233 359 4 4 0.9430668628761734 10.966666577314843 6149 6 1371
Zifalon 18711 123 3 1 0.055491111925047854 95.95705608401094 997 5 2315
Ziggurat 52120 556 4 3 0.49468560453434873 89.0616211677955 9369 0 818
Zombyra 88659 561 3 8 0.4597524291348045 39.00232391403601 549 5 3062
Zuman 1539 150 7 9 0.6889253321462722 114.98503917372508 1827 7 1414